

Distance =[0.0 1230.04 3488.23 4894.55 6246.76 7678.66 3704.45 9415.7 13848.25 10899.98 5735.44 15204.52 12129.94 7054.26 4939.73 16560.97 8693.43 14506.96 10273.17 15863.71 12108.05 6791.82 8258.66 13884.73 9658.72 15235.09 11081.02 12283.13 14683.94 9470.29 10806.19 14036.85 11951.76 13377.46 10037.53; 
1230.04 0.0 2262.31 3668.79 5018.71 6448.72 2616.78 8185.69 12621.3 9670.03 4549.8 13977.22 10899.98 5850.65 3846.7 15333.38 7481.46 13276.94 9053.87 14633.67 10883.61 5686.01 7102.49 12659.02 8478.24 14008.4 9885.78 11081.02 13467.94 8367.24 9677.35 12851.42 10858.88 12258.39 8826.39
 3488.23 2262.31 0.0 1406.56 2759.41 4199.85 1220.32 5941.6 10401.41 7427.0 2377.06 11754.28 8655.84 3617.77 2048.22 13108.08 5230.44 11027.26 6793.88 12384.52 8621.3 3704.36 4963.46 10396.97 6278.93 11746.91 7656.82 8840.27 11209.95 6331.54 7574.0 10633.87 8819.79 10159.89 6689.0; 
 4894.55 3668.79 1406.56 0.0 1357.34 2808.87 1834.39 4551.91 9027.29 6036.33 1220.32 10376.53 7263.18 2265.72 1681.63 11727.63 3840.9 9629.14 5391.18 10986.47 7214.88 2720.01 3718.21 8990.42 4947.11 10340.55 6287.73 7457.36 9808.71 5173.81 6331.54 9271.0 7626.64 8904.88 5402.77; 
 6246.76 5018.71 2759.41 1357.34 0.0 1457.67 3046.19 3198.45 7680.92 4681.46 1236.78 9027.29 5907.16 1220.32 2402.29 10376.53 2573.17 8271.81 4068.83 9629.14 5871.41 2401.25 2795.44 7642.84 3798.93 8990.42 5045.99 6180.67 8484.94 4328.75 5316.46 8027.46 6665.67 7837.22 4155.42; 
 7678.66 6448.72 4199.85 2808.87 1457.67 0.0 4479.61 1743.13 6223.28 3228.08 2460.08 7569.82 4456.2 1445.31 3690.12 8919.63 1575.17 6828.66 2780.28 8185.69 4494.43 3005.98 2529.63 6246.46 2951.67 7583.55 3929.19 4963.46 7146.63 3960.9 4608.5 6852.25 5985.42 6961.16 2818.73; 
 3704.45 2616.78 1220.32 1834.39 3046.19 4479.61 0.0 6190.4 10676.25 7652.53 2163.96 12009.77 8859.95 3521.21 1236.78 13348.09 5174.32 11182.1 6786.69 12533.69 8655.84 3087.8 4575.42 10435.67 6008.82 11792.99 7462.58 8682.62 11140.69 5768.1 7102.49 10383.87 8254.29 9673.13 7190.68; 
 9415.7 8185.69 5941.6 4551.91 3198.45 1743.13 6190.4 0.0 4488.71 1485.4 4094.89 5830.66 2714.68 2842.57 5307.73 7178.4 1654.49 5092.74 1536.17 6448.72 2881.32 4227.43 3099.67 4575.42 2597.25 5890.82 2880.33 3635.87 5556.68 4070.15 4157.16 5522.77 5444.82 6082.29 1663.41;
 13848.25 12621.3 10401.41 9027.29 7680.92 6223.28 10676.25 4488.71 0.0 3028.27 8558.16 1357.34 1872.58 7249.03 9748.72 2714.68 5721.31 1220.32 4241.75 2265.72 2685.84 8426.62 6955.68 2048.22 5686.36 2440.64 4549.8 3846.7 3136.75 7129.07 6278.93 4526.56 6883.47 6437.15 3978.05; 
 10899.98 9670.03 7427.0 6036.33 4681.46 3228.08 7652.53 1485.4 3028.27 0.0 5529.89 4357.42 1230.04 4226.14 6722.96 5699.87 2759.41 3612.74 1562.89 4966.94 1681.63 5471.78 4108.9 3189.97 3099.67 4462.25 2597.25 2831.77 4267.57 4660.21 4277.05 4570.39 5351.87 5609.72 1817.98; 
 5735.44 4549.8 2377.06 1220.32 1236.78 2460.08 2163.96 4094.89 8558.16 5529.89 0.0 9880.31 6722.96 1357.34 1230.04 11210.87 3011.73 9027.29 4623.08 10376.53 6491.88 1507.69 2586.47 8271.81 3928.44 9629.14 5346.81 6554.93 8990.42 3986.59 5199.06 8303.14 6461.28 7784.12 5269.57; 
 15204.52 13977.22 11754.28 10376.53 9027.29 7569.82 12009.77 5830.66 1357.34 4357.42 9880.31 0.0 3159.93 8558.16 11059.77 1357.34 6995.71 1236.78 5460.86 1220.32 3737.74 9680.57 8167.55 2473.55 6828.66 2048.22 5564.64 4660.85 3156.03 8193.38 7206.88 4828.7 7614.82 6920.98 5314.17;
 12129.94 10899.98 8655.84 7263.18 5907.16 4456.2 8859.95 2714.68 1872.58 1230.04 6722.96 3159.93 0.0 5398.22 7899.84 4488.71 3850.19 2385.4 2385.4 3737.74 1220.32 6554.04 5092.74 2110.51 3874.38 3294.24 2915.22 2597.25 3285.21 5371.68 4688.67 3978.37 5525.06 5440.02 2696.54; 
 7054.26 5850.65 3617.77 2265.72 1220.32 1445.31 3521.21 2842.57 7249.03 4226.14 1357.34 8558.16 5398.22 0.0 2501.62 9880.31 1655.65 7680.92 3265.79 9027.29 5134.73 1562.89 1575.17 6914.48 2681.89 8271.81 4039.4 5230.44 7642.84 3108.8 4124.12 7016.61 5460.36 6672.3 4200.94; 
 4939.73 3846.7 2048.22 1681.63 2402.29 3690.12 1236.78 5307.73 9748.72 6722.96 1230.04 11059.77 7899.84 2501.62 0.0 12380.81 4111.47 10171.62 5721.31 11512.81 7593.15 1852.23 3372.57 9362.92 4830.3 10717.48 6300.97 7528.06 10012.16 4531.43 5870.7 9191.06 7017.73 8437.94 6497.61; 
 16560.97 15333.38 13108.08 11727.63 10376.53 8919.63 13348.09 7178.4 2714.68 5699.87 11210.87 1357.34 4488.71 9880.31 12380.81 0.0 8296.47 2292.33 6733.07 1236.78 4940.88 10959.19 9419.18 3424.39 8038.11 2473.55 6701.82 5686.36 3710.33 9334.02 8254.58 5461.47 8501.4 7618.92 6658.88;
 8693.43 7481.46 5230.44 3840.9 2573.17 1575.17 5174.32 1654.49 5721.31 2759.41 3011.73 6995.71 3850.19 1655.65 4111.47 8296.47 0.0 6065.52 1614.04 7402.64 3486.27 2714.68 1445.31 5263.11 1377.42 6620.13 2473.55 3617.77 5992.69 2560.28 3041.14 5454.34 4416.06 5398.1 3295.97; 
 14506.96 13276.94 11027.26 9629.14 8271.81 6828.66 11182.1 5092.74 1220.32 3612.74 9027.29 1236.78 2385.4 7680.92 10171.62 2292.33 6065.52 0.0 4476.57 1357.34 2653.86 8696.08 7140.4 1236.78 5747.4 1220.32 4415.06 3448.36 2048.22 7048.93 6008.82 3635.87 6379.95 5698.39 4913.5; 
 10273.17 9053.87 6793.88 5391.18 4068.83 2780.28 6786.69 1536.17 4241.75 1562.89 4623.08 5460.86 2385.4 3265.79 5721.31 6733.07 1614.04 4476.57 0.0 5802.6 1872.58 4226.14 2714.68 3649.34 1543.9 5006.53 1345.59 2195.07 4418.11 3099.67 2795.44 4093.41 3993.59 4547.92 2929.48; 
 15863.71 14633.67 12384.52 10986.47 9629.14 8185.69 12533.69 6448.72 2265.72 4966.94 10376.53 1220.32 3737.74 9027.29 11512.81 1236.78 7402.64 1357.34 5802.6 0.0 3949.92 10006.46 8432.95 2292.33 7009.31 1236.78 5617.75 4540.87 2473.55 8233.9 7100.85 4224.7 7287.6 6382.53 6193.54; 
 12108.05 10883.61 8621.3 7214.88 5871.41 4494.43 8655.84 2881.32 2685.84 1681.63 6491.88 3737.74 1220.32 5134.73 7593.15 4940.88 3486.27 2653.86 1872.58 3949.92 0.0 6056.54 4488.71 1781.73 3099.31 3138.57 1864.34 1377.42 2675.55 4466.7 3602.44 2913.24 4334.17 4225.4 3485.47; 
 6791.82 5686.01 3704.36 2720.01 2401.25 3005.98 3087.8 4227.43 8426.62 5471.78 1507.69 9680.57 6554.04 1562.89 1852.23 10959.19 2714.68 8696.08 4226.14 10006.46 6056.54 0.0 1614.04 7783.92 3099.31 9122.17 4584.67 5813.3 8328.15 2681.89 4020.85 7398.5 5172.94 6585.72 5706.33; 
 8258.66 7102.49 4963.46 3718.21 2795.44 2529.63 4575.42 3099.67 6955.68 4108.9 2586.47 8167.55 5092.74 1575.17 3372.57 9419.18 1445.31 7140.4 2714.68 8432.95 4488.71 1614.04 0.0 6190.4 1485.4 7521.14 2970.8 4199.85 6714.15 1536.17 2616.78 5818.79 3914.18 5199.06 4732.33; 
 13884.73 12659.02 10396.97 8990.42 7642.84 6246.46 10435.67 4575.42 2048.22 3189.97 8271.81 2473.55 2110.51 6914.48 9362.92 3424.39 5263.11 1236.78 3649.34 2292.33 1781.73 7783.92 6190.4 0.0 4742.77 1357.34 3328.59 2262.31 1220.32 5941.6 4830.3 2486.38 5145.99 4483.58 4806.63; 
 9658.72 8478.24 6278.93 4947.11 3798.93 2951.67 6008.82 2597.25 5686.36 3099.67 3928.44 6828.66 3874.38 2681.89 4830.3 8038.11 1377.42 5747.4 1543.9 7009.31 3099.31 3099.31 1485.4 4742.77 0.0 6058.79 1485.4 2714.68 5229.4 1562.89 1670.35 4379.17 3041.14 4054.17 4226.64; 
 15235.09 14008.4 11746.91 10340.55 8990.42 7583.55 11792.99 5890.82 2440.64 4462.25 9629.14 2048.22 3294.24 8271.81 10717.48 2473.55 6620.13 1220.32 5006.53 1236.78 3138.57 9122.17 7521.14 1357.34 6058.79 0.0 4611.19 3458.84 1236.78 7178.4 5980.39 2987.94 6083.07 5146.34 5953.01; 
 11081.02 9885.78 7656.82 6287.73 5045.99 3929.19 7462.58 2880.33 4549.8 2597.25 5346.81 5564.64 2915.22 4039.4 6300.97 6701.82 2473.55 4415.06 1345.59 5617.75 1864.34 4584.67 2970.8 3328.59 1485.4 4611.19 0.0 1230.04 3745.17 2634.06 1773.54 2984.75 2754.84 3202.38 4212.69; 
 12283.13 11081.02 8840.27 7457.36 6180.67 4963.46 8682.62 3635.87 3846.7 2831.77 6554.93 4660.85 2597.25 5230.44 7528.06 5686.36 3617.77 3448.36 2195.07 4540.87 1377.42 5813.3 4199.85 2262.31 2714.68 3458.84 1230.04 0.0 2523.27 3719.65 2568.29 1899.46 3038.6 2853.12 4633.92; 
 14683.94 13467.94 11209.95 9808.71 8484.94 7146.63 11140.69 5556.68 3136.75 4267.57 8990.42 3156.03 3285.21 7642.84 10012.16 3710.33 5992.69 2048.22 4418.11 2473.55 2675.55 8328.15 6714.15 1220.32 5229.4 1236.78 3745.17 2523.27 0.0 6190.4 4916.04 1751.2 4894.65 3910.51 5964.56; 
 9470.29 8367.24 6331.54 5173.81 4328.75 3960.9 5768.1 4070.15 7129.07 4660.21 3986.59 8193.38 5371.68 3108.8 4531.43 9334.02 2560.28 7048.93 3099.67 8233.9 4466.7 2681.89 1536.17 5941.6 1562.89 7178.4 2634.06 3719.65 6190.4 0.0 1406.56 4971.08 2494.35 3913.8 5727.85; 
 10806.19 9677.35 7574.0 6331.54 5316.46 4608.5 7102.49 4157.16 6278.93 4277.05 5199.06 7206.88 4688.67 4124.12 5870.7 8254.58 3041.14 6008.82 2795.44 7100.85 3602.44 4020.85 2616.78 4830.3 1670.35 5980.39 1773.54 2568.29 4916.04 1406.56 0.0 3589.2 1377.42 2586.47 5705.61; 
 14036.85 12851.42 10633.87 9271.0 8027.46 6852.25 10383.87 5522.77 4526.56 4570.39 8303.14 4828.7 3978.37 7016.61 9191.06 5461.47 5454.34 3635.87 4093.41 4224.7 2913.24 7398.5 5818.79 2486.38 4379.17 2987.94 2984.75 1899.46 1751.2 4971.08 3589.2 0.0 3265.79 2161.24 6387.11; 
 11951.76 10858.88 8819.79 7626.64 6665.67 5985.42 8254.29 5444.82 6883.47 5351.87 6461.28 7614.82 5525.06 5460.36 7017.73 8501.4 4416.06 6379.95 3993.59 7287.6 4334.17 5172.94 3914.18 5145.99 3041.14 6083.07 2754.84 3038.6 4894.65 2494.35 1377.42 3265.79 0.0 1530.51 6921.76; 
 13377.46 12258.39 10159.89 8904.88 7837.22 6961.16 9673.13 6082.29 6437.15 5609.72 7784.12 6920.98 5440.02 6672.3 8437.94 7618.92 5398.1 5698.39 4547.92 6382.53 4225.4 6585.72 5199.06 4483.58 4054.17 5146.34 3202.38 2853.12 3910.51 3913.8 2586.47 2161.24 1530.51 0.0 7352.08; 
 10037.53 8826.39 6689.0 5402.77 4155.42 2818.73 7190.68 1663.41 3978.05 1817.98 5269.57 5314.17 2696.54 4200.94 6497.61 6658.88 3295.97 4913.5 2929.48 6193.54 3485.47 5706.33 4732.33 4806.63 4226.64 5953.01 4212.69 4633.92 5964.56 5727.85 5705.61 6387.11 6921.76 7352.08 0.0]
 
 #latitude
 yc = [132480.09003221002, 131295.1144124684, 129188.49108848324, 127871.85151099252, 126555.2119335018, 125106.90839826202, 129583.48296173045, 123395.2769475241, 118918.70238405566, 121946.97341228431, 127476.8596377453, 117602.06280656495, 120761.99779254266, 126160.22006025459, 128661.83525748695, 116285.42322907424, 124580.25256726574, 118523.71051080845, 123000.28507427688, 117207.07093331774, 121156.98966578988, 127213.53172224716, 125633.5642292583, 119445.35821505195, 124185.26069401852, 118128.71863756124, 122736.95715877874, 121551.9815390371, 119050.36634180474, 125238.5723560111, 123921.93277852038, 120367.00591929545, 123526.94090527316, 122078.63737003338, 122500]
#longitude
xc = [129927.7313974686, 130257.62426356561, 131082.35642880813, 131577.19572795366, 131907.08859405067, 132072.0350270992, 132236.98146014768, 132401.92789319617, 132731.82075929322, 132731.82075929322, 132731.82075929322, 133061.7136253902, 133061.7136253902, 133061.7136253902, 133061.7136253902, 133391.60649148724, 133556.55292453573, 133886.44579063274, 133886.44579063274, 134216.33865672976, 134216.33865672976, 134216.33865672976, 134546.23152282677, 134711.1779558753, 134876.12438892378, 135041.07082197227, 135206.0172550208, 135535.9101211178, 135865.80298721482, 136030.74942026334, 136525.58871940884, 137020.42801855435, 137845.1601837969, 138339.9994829424, 131000]

